

0


41
71
68
70
69
70
69
69
70
69
71
69
71
68
70
69
69
70
69
70
68
71
68
71
68
69
69
69
70
69
71
68
70
68
70
69
69
70
69
70
68
70
68
70
69
69
70
68
70
68
70
68
69
69
69
69
69
70
68
71
68
70
69
69
71
69
70
69
70
68
69
69
70
69
69
70
69
70
68
70
69
71
69
69
69
69
71
69
70
69
70
69
69
68
69
70
68
71
68
70
69
68
69
68
71
69
71
68
71
69
70
69
68
70
69
71
68
70
69
71
70
70
69
69
71
69
71
69
70
69
69
70
71
70
69
71
69
71
69
72
70
70
72
70
71
69
71
70
71
70
70
71
70
72
70
72
69
71
69
70
72
71
72
70
72
70
72
71
71
72
71
71
71
73
70
73
70
72
72
72
73
71
74
71
73
72
72
72
72
72
72
73
72
74
71
73
72
73
72
73
74
73
75
73
75
73
74
74
74
73
74
75
74
75
73
75
73
75
74
73
77
74
76
74
76
75
76
76
75
76
75
77
75
77
75
77
78
77
78
76
78
76
78
76
78
78
77
78
77
80
78
80
78
79
79
80
80
80
81
79
82
79
82
80
81
81
81
82
81
82
81
83
81
83
82
82
83
82
86
83
84
83
85
84
86
86
84
86
85
88
85
87
87
89
88
88
90
89
90
87
90
88
89
90
89
91
89
91
88
91
88
90
90
91
90
90
92
90
91
88
90
90
90
92
90
92
90
94
91
93
91
92
92
92
94
92
94
91
95
92
95
94
95
95
94
97
95
97
94
96
96
97
95
95
96
93
94
90
91
87
85
83
80
79
77
76
74
75
73
74
72
72
72
71
72
70
72
69
71
70
70
71
69
72
69
71
69
70
70
69
70
68
71
69
72
68
70
69
69
70
68
71
69
70
69
70
69
70
70
69
71
69
71
69
71
69
70
70
71
71
70
71
69
72
70
73
70
72
72
72
72
71
73
71
73
71
73
72
72
73
72
75
73
75
73
76
74
76
75
75
127
145
83
97
219
222
252
240
224
213
190
217
188
235
207
247
244
249
247
229
256
213
263
237
264
243
241
262
212
262
210
260
232
231
259
236
266
201
250
231
263
250
265
322
313
339
345
329
358
348
346
360
336
321
337
336
296
274
247
227
261
220
272
253
282
286
266
295
234
273
262
252
265
196
217
121
80
79
74
76
73
73
71
71
71
70
71
69
72
70
71
69
70
71
71
71
70
71
69
72
70
71
69
71
70
70
70
69
71
70
72
70
71
70
70
71
69
71
70
71
70
72
71
71
72
71
72
71
75
72
73
74
74
74
74
77
76
79
78
81
81
85
240
679
844
872
796
881
896
892
858
750
854
913
901
888
796
910
890
839
736
886
889
754
912
907
894
845
880
918
923
888
847
881
904
792
759
915
915
878
792
763
915
901
883
756
887
900
629
302
83
82
77
78
74
74
72
72
72
72
72
70
71
70
72
70
72
69
71
70
71
70
70
72
68
71
69
69
69
69
71
70
71
69
71
69
70
70
70
69
69
70
68
71
69
70
69
70
69
70
69
69
71
68
69
69
69
70
69
70
69
70
68
71
68
