

0


66
70
70
70
71
67
72
66
74
65
73
69
70
69
68
71
66
73
66
73
66
70
69
70
71
66
73
66
72
66
71
70
67
71
68
74
66
73
66
71
68
68
71
67
71
66
74
66
74
68
71
68
68
71
66
73
66
72
67
70
70
69
70
66
74
66
74
68
72
67
70
70
67
72
66
74
66
73
67
70
70
68
71
67
73
66
73
66
70
69
70
71
66
72
66
73
66
71
69
67
71
67
73
66
73
67
72
68
71
69
68
73
67
73
66
72
68
72
71
69
72
66
74
67
73
68
72
71
70
73
67
75
68
75
69
75
70
72
73
69
74
68
76
68
76
70
72
72
69
76
68
75
69
76
70
73
73
70
75
70
77
69
76
70
74
73
74
74
71
76
71
78
70
77
72
72
76
72
76
72
77
71
77
74
76
74
73
78
72
78
72
78
74
76
75
74
77
72
80
73
79
73
78
75
78
78
73
79
72
81
74
80
75
77
78
73
78
73
81
74
81
75
78
77
78
80
74
82
74
82
75
78
78
77
80
76
80
75
82
75
82
79
79
79
78
81
75
82
76
82
76
81
79
80
82
78
83
76
83
76
81
79
81
80
78
83
76
85
77
83
79
80
83
80
83
78
85
79
87
79
84
83
80
86
77
87
78
86
80
81
82
80
85
79
87
78
88
79
86
81
82
85
80
86
80
89
79
87
83
87
84
79
87
80
85
77
83
76
78
76
75
76
70
77
69
75
69
73
71
72
72
67
73
67
73
68
72
69
68
73
68
71
67
73
67
73
70
68
71
66
75
66
74
67
73
69
73
73
69
74
67
76
67
75
68
74
70
70
74
69
76
69
77
71
76
72
73
74
74
79
72
81
76
101
127
84
94
106
97
95
110
106
136
125
276
153
258
168
225
206
171
333
182
346
220
253
428
222
441
265
280
463
212
398
475
215
264
285
224
460
392
239
489
337
271
523
312
257
531
368
286
525
323
269
454
560
291
463
575
368
314
547
520
298
309
530
386
280
403
558
439
300
524
470
222
381
90
77
82
73
79
72
75
72
70
76
68
74
67
74
68
71
71
72
72
67
75
67
74
67
74
69
72
73
69
72
67
75
67
75
69
73
69
72
73
69
74
67
76
69
74
70
71
72
71
76
69
76
70
76
71
77
74
74
75
72
80
72
81
77
82
133
86
91
84
343
273
403
704
739
714
823
859
878
839
780
897
883
887
713
869
865
862
745
904
900
858
712
906
891
877
861
881
882
911
860
723
902
897
898
745
894
821
125
87
88
76
84
75
79
76
71
76
69
77
68
75
69
74
71
69
73
68
73
66
75
68
73
68
71
71
67
72
67
73
66
73
68
72
70
67
71
68
73
67
73
67
73
68
71
70
