

0


73
66
74
64
74
69
69
70
69
71
65
73
65
74
68
73
70
68
70
65
73
65
74
68
75
68
70
70
65
74
65
73
68
74
68
73
71
69
70
65
74
65
75
68
74
70
73
71
69
73
64
73
68
73
69
71
70
67
73
64
76
64
73
69
69
70
69
73
65
74
64
75
69
73
68
69
73
69
73
64
77
69
74
71
70
71
66
73
64
75
70
74
70
72
74
67
75
66
76
70
75
70
70
73
70
74
67
75
68
76
71
73
72
71
77
67
77
67
80
70
77
73
75
73
71
76
69
77
68
80
72
77
76
73
75
69
78
70
81
74
77
76
74
77
74
78
70
82
73
79
75
75
77
72
78
71
82
75
80
75
80
78
78
82
73
81
71
82
76
77
78
76
79
76
82
75
84
76
80
78
79
84
75
82
74
87
77
83
80
82
83
78
86
76
86
79
86
80
87
83
82
84
76
87
80
89
81
87
80
83
86
80
88
79
96
84
91
86
89
88
83
93
85
96
83
94
90
90
92
92
97
87
99
86
100
93
102
98
99
101
96
107
94
113
101
107
107
106
115
99
107
97
103
89
96
88
89
83
77
85
73
80
71
78
75
74
75
73
77
68
77
70
78
70
74
71
69
75
70
75
66
79
68
76
69
73
70
69
74
66
75
69
74
69
69
71
67
71
64
74
67
74
69
74
72
69
74
67
74
66
78
70
75
71
71
73
67
76
66
76
71
75
73
72
72
70
77
68
76
71
78
71
72
74
69
78
68
77
69
80
72
76
74
74
78
70
79
71
85
74
83
79
91
85
87
91
86
108
89
114
91
168
103
181
117
126
202
92
193
115
285
201
214
261
153
292
137
355
169
262
235
151
330
164
434
180
322
225
167
347
162
367
153
345
198
171
355
170
450
192
199
246
166
453
193
213
443
177
365
188
197
296
171
451
188
335
187
155
93
80
85
76
79
75
74
74
68
76
66
75
69
77
69
75
72
70
75
64
75
65
77
68
75
70
73
73
68
75
66
76
69
73
70
70
72
70
72
66
75
66
77
71
74
70
72
74
69
77
69
83
75
83
77
78
87
80
200
382
452
670
1312
489
514
538
1235
596
562
604
1652
518
528
787
1221
613
516
614
775
1611
528
545
1198
1707
531
518
767
1191
1679
509
94
91
76
86
72
80
75
75
76
73
77
68
76
66
77
71
75
70
71
75
67
74
65
77
64
75
69
69
71
64
74
65
75
68
74
68
72
70
68
74
65
73
69
74
69
74
71
73
71
69
74
65
73
