

0


21
43
69
70
69
69
70
69
70
69
70
69
69
69
69
69
69
70
69
70
68
70
69
69
70
69
70
69
70
69
71
69
69
69
68
70
68
70
69
70
69
69
69
69
70
69
70
68
70
69
70
69
69
69
68
69
68
70
68
69
69
70
70
69
70
69
70
69
70
69
69
70
69
70
69
71
69
70
69
70
69
70
70
69
71
69
71
69
70
69
70
70
70
70
68
71
69
71
70
70
70
70
71
69
71
69
71
70
71
70
70
70
70
71
69
71
69
70
70
71
71
70
71
69
71
70
72
71
71
71
70
71
70
71
70
71
70
72
71
71
72
71
72
71
72
71
72
71
72
72
71
72
71
73
71
73
72
73
73
72
74
72
74
72
74
72
74
73
73
73
73
74
73
74
73
74
74
74
75
74
76
74
76
74
76
76
76
76
75
76
75
77
76
77
76
77
77
77
77
76
78
77
78
77
78
78
78
79
77
79
78
80
78
79
79
80
80
79
80
79
81
80
82
81
82
81
82
83
81
83
81
83
81
82
83
83
84
83
85
82
85
83
84
84
84
85
84
85
83
86
84
86
84
85
86
85
86
85
86
84
86
83
82
80
79
77
74
75
73
74
72
73
72
71
71
70
71
70
71
70
70
70
70
70
69
70
69
71
69
70
69
69
70
69
70
68
70
68
70
69
70
70
69
70
68
70
69
71
69
70
69
69
70
69
71
69
71
69
71
69
70
70
70
71
69
72
70
71
71
71
71
71
71
70
72
71
73
72
73
73
73
73
73
75
74
76
75
77
76
77
80
86
88
88
88
88
93
92
95
95
97
98
101
103
102
103
98
105
105
116
110
107
106
109
120
116
126
118
127
122
125
121
117
118
113
123
117
122
113
114
111
110
113
110
117
110
115
107
111
107
113
118
119
131
126
130
111
122
122
132
129
128
137
132
151
141
160
142
158
151
142
146
138
156
144
162
145
165
157
161
165
156
171
148
166
153
166
160
159
164
142
136
106
101
87
82
79
75
75
72
73
71
71
71
70
71
70
71
69
70
70
71
70
70
70
69
71
69
71
69
70
70
70
71
70
71
69
71
69
71
69
70
70
70
70
70
71
69
70
70
71
71
70
72
70
71
70
72
71
72
71
72
72
72
74
73
75
74
77
77
79
80
80
83
81
84
83
86
86
99
103
105
155
241
399
523
644
680
696
708
724
732
810
824
766
755
759
773
850
822
801
771
769
807
848
849
821
769
778
867
876
837
792
823
875
866
786
791
856
880
860
792
795
870
862
794
873
867
795
783
566
341
90
83
79
78
75
75
73
73
72
72
72
71
71
70
71
69
71
70
70
71
70
71
69
71
69
71
70
70
70
69
70
69
71
69
70
68
69
69
69
70
69
71
69
