

0


72
66
71
74
67
69
75
68
69
73
69
69
72
72
66
72
72
66
71
75
67
69
74
69
69
73
70
68
73
72
66
71
72
67
71
75
67
69
74
69
69
73
70
68
73
73
66
71
72
67
71
75
66
69
73
70
69
73
70
67
73
73
67
71
73
67
71
76
67
69
73
70
70
73
71
67
74
73
67
71
74
68
71
76
68
70
74
71
70
75
72
68
75
75
69
74
75
70
74
79
70
74
78
74
75
78
76
74
78
77
71
77
77
72
76
79
72
75
81
72
75
78
75
75
79
76
75
79
78
72
80
80
74
78
82
75
78
85
75
77
83
76
77
81
78
76
81
78
74
81
80
74
79
80
75
79
83
76
79
86
76
79
84
79
79
84
80
78
84
81
76
85
84
76
84
86
78
84
87
79
85
90
81
85
92
82
84
90
84
85
89
87
86
91
87
87
91
88
84
92
91
85
95
95
86
94
92
84
91
94
86
92
96
87
94
100
92
101
119
170
119
112
97
105
102
92
103
104
92
102
99
85
89
86
75
77
80
72
75
79
70
72
76
73
73
75
74
71
78
77
71
76
79
73
77
82
75
77
85
77
78
84
80
80
86
82
80
87
84
78
87
87
78
87
88
81
88
92
85
90
94
84
88
94
83
88
94
84
88
96
88
90
98
91
92
98
90
88
93
88
87
93
88
87
93
91
87
99
97
89
100
98
88
97
96
86
95
94
87
93
96
88
96
100
90
97
100
88
95
99
88
92
98
87
89
98
86
90
100
88
92
101
90
93
99
89
89
94
88
86
87
79
75
77
74
69
75
75
69
73
76
69
72
77
69
72
76
75
75
82
287
80
84
74
75
79
76
78
88
81
78
86
300
139
441
203
504
217
464
206
489
183
505
221
496
239
471
295
428
355
386
433
309
601
243
688
269
558
375
386
487
238
372
282
368
326
426
300
488
235
530
228
645
216
647
310
473
422
343
619
248
709
309
504
354
382
475
301
684
250
363
77
84
464
82
82
75
74
76
74
70
75
75
70
75
76
71
75
80
71
74
79
75
75
80
78
77
86
86
186
783
993
1022
1046
1057
1028
883
510
840
1009
1043
1053
1078
1083
1083
1085
1088
1083
1085
1081
1085
1083
1080
1087
1084
1086
1079
1078
1085
1082
1083
1079
1086
1084
1082
1085
1079
992
81
84
74
75
76
73
71
74
72
66
73
73
67
71
74
67
70
75
68
69
73
70
68
73
72
66
72
72
66
71
74
67
69
74
69
69
73
69
68
73
72
66
71
73
67
71
75
67
69
73
70
69
73
70
68
