

0


67
73
71
68
73
70
69
74
67
69
74
67
71
73
66
72
72
67
73
70
69
73
68
69
75
67
70
74
67
71
72
66
73
71
68
73
69
69
74
68
70
75
67
71
73
66
72
72
67
73
70
69
73
68
69
75
67
70
74
67
71
72
66
73
71
68
73
70
69
74
68
70
75
67
71
73
67
73
72
68
74
71
70
74
69
70
76
68
72
74
68
73
74
68
75
72
71
75
71
72
77
69
73
76
69
75
75
70
75
73
72
76
72
73
78
70
75
76
70
76
75
72
76
74
74
78
72
75
79
72
76
78
72
79
76
76
81
75
77
83
75
81
81
75
82
78
78
84
76
80
85
76
84
83
78
86
80
81
87
77
83
85
77
87
83
81
88
79
83
87
77
86
84
81
87
80
82
88
78
85
86
80
87
83
83
90
80
86
87
80
88
84
84
90
81
87
91
84
93
88
87
93
82
88
90
83
92
87
87
95
86
92
93
86
95
89
89
97
86
94
92
89
96
88
92
98
88
100
98
98
105
90
98
96
91
100
88
92
96
86
96
91
89
98
87
92
94
87
96
90
90
97
86
94
93
88
96
87
90
95
85
95
90
89
99
88
95
98
90
99
92
92
97
86
94
93
88
96
83
82
81
71
75
74
68
74
71
69
73
69
69
75
67
70
74
67
71
72
66
73
71
69
73
70
69
75
69
71
76
69
74
75
69
76
75
72
78
75
75
81
73
78
82
75
84
85
84
92
82
84
90
83
186
116
95
94
98
163
117
136
176
130
227
126
246
122
251
134
267
183
195
165
233
194
219
347
146
411
238
198
201
172
180
197
185
218
313
156
374
147
327
219
185
251
145
251
188
348
129
380
235
215
277
172
420
209
269
272
184
438
259
266
464
291
250
469
391
197
359
207
286
401
177
392
453
192
323
332
167
345
152
298
88
87
74
74
76
69
73
73
67
73
71
69
73
70
69
74
68
70
75
67
71
73
67
74
73
70
75
73
73
77
71
74
78
71
77
79
75
87
83
85
87
75
79
82
75
87
89
87
90
82
85
97
85
122
179
377
212
428
553
581
606
617
636
643
636
629
618
606
610
605
618
623
621
623
624
624
616
627
622
616
618
619
617
621
616
640
644
643
708
764
782
763
711
668
670
722
776
790
766
691
618
635
576
561
585
599
653
692
757
809
803
781
733
774
817
801
774
818
816
809
807
747
805
820
804
780
781
812
815
797
789
818
813
788
743
806
820
804
781
811
811
809
778
781
809
808
802
741
813
809
798
803
820
820
813
803
796
823
818
833
820
817
807
793
787
798
699
259
86
85
83
74
77
73
70
74
69
70
74
67
70
74
67
71
72
66
73
71
68
73
69
69
73
68
70
74
67
70
73
66
72
71
67
73
70
69
73
69
69
74
67
70
74
66
