

0


52
72
79
71
70
73
77
71
71
76
75
69
71
75
72
67
72
76
74
68
72
74
72
68
72
78
71
70
70
77
71
72
77
75
67
72
75
74
67
69
76
74
69
72
75
72
66
72
75
72
67
74
78
71
70
76
75
68
70
75
73
69
70
74
75
69
71
75
70
69
73
75
70
68
72
78
72
71
76
75
67
72
75
75
70
70
74
76
67
73
76
71
67
75
78
74
69
72
81
74
74
79
78
72
72
75
76
73
77
79
79
72
76
80
76
73
78
81
79
73
79
83
79
77
83
82
74
77
81
80
76
78
81
81
76
79
82
79
74
81
84
81
76
81
84
77
74
85
81
73
78
82
80
77
77
82
80
73
79
80
78
75
78
82
80
75
79
88
81
79
83
83
76
79
83
81
74
78
83
83
76
78
85
79
75
83
87
80
73
77
81
74
73
78
77
70
73
77
76
71
70
74
78
71
73
78
75
71
76
80
75
69
76
81
76
72
77
78
73
74
81
82
77
81
82
84
76
80
81
75
74
76
82
77
73
76
83
76
76
82
81
74
77
79
80
73
75
79
82
73
79
82
79
74
80
81
79
75
80
86
76
75
83
81
75
77
81
81
76
78
82
84
74
79
81
80
75
77
82
77
73
81
88
79
79
86
85
78
77
82
83
74
80
83
81
74
81
83
82
78
83
85
82
79
83
85
81
78
83
83
79
80
80
81
75
77
82
80
73
76
80
77
73
80
87
81
77
85
1626
88
103
94
96
200
249
569
578
192
404
1535
323
278
957
725
227
461
1597
390
364
1239
718
256
474
1439
323
316
1117
754
291
1052
1728
323
501
2665
451
414
1276
843
299
592
1690
391
372
1239
799
314
1091
1792
361
567
2559
458
406
1271
843
299
586
1682
418
415
1461
806
354
1105
1712
374
577
2410
469
433
1257
853
318
655
1561
424
400
1830
744
393
1016
1562
376
623
2212
479
451
1309
845
304
714
1572
399
466
3133
427
452
1316
886
301
603
1796
389
387
1364
823
332
1207
1786
383
604
2471
486
417
1276
868
270
468
1664
357
366
1210
89
78
82
87
76
73
77
77
72
74
76
77
70
74
77
78
71
73
79
76
72
77
80
77
73
79
83
76
75
77
84
75
81
81
82
76
80
83
84
77
79
84
82
78
83
85
84
79
84
92
86
100
92
95
80
85
94
99
91
125
810
903
211
463
2142
386
447
1934
794
430
1238
1682
370
760
2373
497
592
4035
604
581
4449
641
600
4685
642
615
4526
643
611
4492
633
646
4352
639
631
4502
634
649
4347
633
651
2032
946
633
1461
1468
487
934
2049
571
712
3585
636
639
1936
949
629
1418
1518
477
927
2049
574
706
3591
634
652
1900
933
596
1444
1563
484
931
2060
542
101
99
91
83
85
83
81
76
80
86
78
76
78
80
