

0


68
74
73
67
69
73
71
66
71
76
69
69
73
72
67
70
73
70
66
72
75
66
70
73
73
67
71
75
70
68
74
73
67
70
74
71
66
71
76
69
69
72
73
67
70
73
70
66
71
74
66
70
73
73
67
71
74
70
68
74
73
67
69
74
71
66
70
77
69
69
72
73
67
69
73
70
66
71
74
67
69
73
73
67
71
74
69
69
74
73
67
69
73
71
66
71
77
69
69
73
73
67
70
73
70
67
72
75
67
71
74
75
68
72
75
71
70
76
75
70
71
76
73
68
73
79
71
72
75
74
68
73
76
73
69
74
76
70
71
75
74
69
72
77
72
71
75
74
69
71
75
73
69
74
76
69
72
75
75
69
74
77
73
71
75
75
71
73
75
75
70
76
81
75
74
77
76
72
75
78
76
72
76
79
73
75
79
79
73
77
83
77
76
79
79
75
76
81
78
74
79
82
74
76
81
80
74
78
85
76
75
82
80
75
78
83
80
75
81
83
76
77
82
81
76
80
88
78
79
84
82
77
80
84
81
76
81
85
77
81
85
83
77
83
89
81
82
87
88
79
84
88
83
79
87
86
79
82
88
84
78
86
90
79
84
89
90
82
88
93
87
85
90
89
83
86
90
87
84
89
89
83
84
91
87
81
88
96
83
87
94
94
85
90
96
88
88
93
91
84
88
92
86
83
92
95
88
89
98
94
88
95
100
88
92
98
95
86
91
100
88
88
92
93
84
91
96
90
89
102
100
89
96
100
95
88
92
89
82
82
85
79
74
77
80
71
72
73
74
68
70
74
71
67
71
74
67
69
74
73
68
71
76
70
69
74
73
68
69
73
70
67
72
76
68
70
75
74
69
72
76
73
71
75
76
72
74
79
78
72
77
85
78
78
82
83
75
80
84
80
76
81
84
77
80
84
81
75
82
90
79
81
85
86
80
89
88
82
80
89
504
141
290
433
128
129
366
154
179
638
161
221
741
107
88
685
141
190
639
156
242
634
153
248
626
140
129
622
150
218
634
164
337
586
176
498
450
198
625
363
248
889
198
257
801
175
330
632
186
351
495
172
564
400
213
701
306
262
890
225
364
732
204
555
445
171
431
335
81
85
82
75
75
78
74
69
74
78
72
72
76
76
71
74
77
74
70
75
77
70
73
75
76
70
75
80
74
72
77
77
71
75
78
75
71
77
79
72
75
81
81
82
90
1053
379
1697
452
1710
496
1761
557
1684
583
1546
596
1523
602
1503
599
1500
600
1500
612
1480
610
1499
608
1491
608
1497
608
1496
610
1488
612
1501
610
1484
610
1498
605
1503
607
1550
610
1502
614
1474
608
1492
602
1511
606
1486
604
1494
609
1471
607
1455
604
1496
602
1537
612
1489
612
1490
608
1497
607
1469
615
1462
604
1493
602
1537
617
1440
600
1549
599
1500
593
1508
602
1507
607
1467
105
95
81
73
75
80
73
71
75
74
68
70
73
70
66
71
75
66
70
73
73
67
71
74
70
68
73
73
67
69
73
71
66
71
76
69
69
73
